1637508545159 0.8511999845504761 0
1637508548317 0.9208166599273682 1
1637508551472 0.9350166916847229 2
1637508554615 0.9417499899864197 3
1637508557779 0.9455999732017517 4
1637508560889 0.9475666880607605 5
1637508564045 0.9499333500862122 6
1637508567239 0.9519500136375427 7
1637508570395 0.9543666839599609 8
1637508573555 0.9545999765396118 9
1637508576645 0.956416666507721 10
1637508579793 0.9575833082199097 11
1637508582905 0.958050012588501 12
1637508586014 0.9602000117301941 13
1637508589155 0.9594500064849854 14
1637508592363 0.9609500169754028 15
1637508595493 0.960349977016449 16
1637508598781 0.9634333252906799 17
1637508602174 0.9616166949272156 18
1637508605615 0.9641666412353516 19
