1637508545159 0.4835875928401947 0
1637508548317 0.2593603730201721 1
1637508551472 0.21553626656532288 2
1637508554615 0.19149327278137207 3
1637508557779 0.17837190628051758 4
1637508560889 0.1682097464799881 5
1637508564045 0.16027820110321045 6
1637508567239 0.15483209490776062 7
1637508570395 0.14747895300388336 8
1637508573555 0.1461290568113327 9
1637508576645 0.13944873213768005 10
1637508579793 0.1340041309595108 11
1637508582905 0.13141800463199615 12
1637508586014 0.1272396445274353 13
1637508589155 0.1283353716135025 14
1637508592363 0.12519371509552002 15
1637508595493 0.12420511990785599 16
1637508598781 0.11732632666826248 17
1637508602174 0.11897015571594238 18
1637508605615 0.11431898921728134 19
