1637510383820 0.8411833047866821 0
1637510389145 0.9229666590690613 1
1637510394236 0.9356666803359985 2
1637510399631 0.9413166642189026 3
1637510405276 0.9459666609764099 4
1637510410618 0.9477499723434448 5
1637510415647 0.9508000016212463 6
1637510420895 0.9531833529472351 7
1637510426244 0.9544666409492493 8
1637510431276 0.9562333226203918 9
1637510435877 0.9574833512306213 10
1637510440567 0.9591000080108643 11
1637510445256 0.9604166746139526 12
1637510450099 0.9610833525657654 13
1637510455246 0.9607666730880737 14
1637510460275 0.9619333148002625 15
1637510465363 0.963616669178009 16
1637510469529 0.963783323764801 17
1637510474155 0.9641000032424927 18
1637510479245 0.9644833207130432 19
