1637510383820 0.5099140405654907 0
1637510389145 0.26534825563430786 1
1637510394236 0.22146497666835785 2
1637510399631 0.19944354891777039 3
1637510405276 0.18486233055591583 4
1637510410618 0.17683976888656616 5
1637510415647 0.16468484699726105 6
1637510420895 0.15939034521579742 7
1637510426244 0.1511276215314865 8
1637510431276 0.14486321806907654 9
1637510435877 0.14187674224376678 10
1637510440567 0.13602113723754883 11
1637510445256 0.13263177871704102 12
1637510450099 0.12828552722930908 13
1637510455246 0.12904353439807892 14
1637510460275 0.1283053606748581 15
1637510465363 0.12065641582012177 16
1637510469529 0.11969741433858871 17
1637510474155 0.11773363500833511 18
1637510479245 0.11606615036725998 19
