1637508292724 0.8455833196640015 0
1637508295676 0.9037833213806152 1
1637508298513 0.9133999943733215 2
1637508301410 0.918666660785675 3
1637508304430 0.9223333597183228 4
1637508307173 0.923633337020874 5
1637508309936 0.9259333610534668 6
1637508312674 0.9281166791915894 7
1637508315516 0.9292833209037781 8
1637508318281 0.9314166903495789 9
1637508321030 0.9324833154678345 10
1637508323848 0.9333500266075134 11
1637508326638 0.9330000281333923 12
1637508329359 0.9350666403770447 13
1637508332094 0.9352166652679443 14
1637508334822 0.9372166395187378 15
1637508337548 0.9358333349227905 16
1637508340266 0.9378666877746582 17
1637508343094 0.9386833310127258 18
1637508345876 0.9387833476066589 19
