1637508292724 0.568307638168335 0
1637508295676 0.3286518454551697 1
1637508298513 0.29328909516334534 2
1637508301410 0.2729052007198334 3
1637508304430 0.2620057761669159 4
1637508307173 0.25246134400367737 5
1637508309936 0.2440924197435379 6
1637508312674 0.2385578453540802 7
1637508315516 0.23232685029506683 8
1637508318281 0.22727333009243011 9
1637508321030 0.2252863645553589 10
1637508323848 0.221424400806427 11
1637508326638 0.218167245388031 12
1637508329359 0.21452784538269043 13
1637508332094 0.21361486613750458 14
1637508334822 0.20965686440467834 15
1637508337548 0.20855537056922913 16
1637508340266 0.2069978415966034 17
1637508343094 0.203720822930336 18
1637508345876 0.202493816614151 19
