1637509098818 0.8992666602134705 0
1637509101858 0.9514666795730591 1
1637509104884 0.9612166881561279 2
1637509107909 0.9664999842643738 3
1637509110963 0.9695333242416382 4
1637509114078 0.9728000164031982 5
1637509117190 0.9749000072479248 6
1637509120293 0.9765666723251343 7
1637509123331 0.9784333109855652 8
1637509126362 0.9793000221252441 9
1637509129392 0.9808333516120911 10
1637509132505 0.9807666540145874 11
1637509135543 0.9825999736785889 12
1637509138582 0.9828500151634216 13
1637509141612 0.9836833477020264 14
1637509144618 0.984250009059906 15
1637509147625 0.984250009059906 16
1637509150646 0.9848666787147522 17
1637509153682 0.9857000112533569 18
1637509156780 0.9860166907310486 19
