1637509098818 0.33307766914367676 0
1637509101858 0.16100387275218964 1
1637509104884 0.1273120641708374 2
1637509107909 0.1093062162399292 3
1637509110963 0.09685757011175156 4
1637509114078 0.08450304716825485 5
1637509117190 0.07972516119480133 6
1637509120293 0.07307837903499603 7
1637509123331 0.06679985672235489 8
1637509126362 0.06399226188659668 9
1637509129392 0.059520795941352844 10
1637509132505 0.05754905939102173 11
1637509135543 0.05533715337514877 12
1637509138582 0.05218500643968582 13
1637509141612 0.04973074793815613 14
1637509144618 0.04763453081250191 15
1637509147625 0.04573158919811249 16
1637509150646 0.04554930701851845 17
1637509153682 0.043848540633916855 18
1637509156780 0.041262898594141006 19
