1637509229279 0.8778166770935059 0
1637509232274 0.9364500045776367 1
1637509235347 0.9469000101089478 2
1637509238355 0.9537333250045776 3
1637509241306 0.9575833082199097 4
1637509244338 0.9606666564941406 5
1637509247341 0.9621999859809875 6
1637509250326 0.9648333191871643 7
1637509253357 0.9657833576202393 8
1637509256451 0.9668166637420654 9
1637509259537 0.9690333604812622 10
1637509262634 0.9696166515350342 11
1637509265677 0.9703333377838135 12
1637509268722 0.9714833498001099 13
1637509271730 0.9729166626930237 14
1637509274736 0.9720166921615601 15
1637509277767 0.9731000065803528 16
1637509280750 0.9739333391189575 17
1637509283752 0.973716676235199 18
1637509287007 0.9751666784286499 19
