1637509229279 0.4006285071372986 0
1637509232274 0.21330095827579498 1
1637509235347 0.17571988701820374 2
1637509238355 0.1528835892677307 3
1637509241306 0.13999173045158386 4
1637509244338 0.12749013304710388 5
1637509247341 0.12217523902654648 6
1637509250326 0.11508843302726746 7
1637509253357 0.10902003943920135 8
1637509256451 0.10543835163116455 9
1637509259537 0.09983303397893906 10
1637509262634 0.09431333094835281 11
1637509265677 0.09318755567073822 12
1637509268722 0.09053470194339752 13
1637509271730 0.08716374635696411 14
1637509274736 0.08781637251377106 15
1637509277767 0.0842362716794014 16
1637509280750 0.08251785486936569 17
1637509283752 0.0810515359044075 18
1637509287007 0.07763775438070297 19
