1637508681767 0.8184999823570251 0
1637508684980 0.8991666436195374 1
1637508688132 0.9129666686058044 2
1637508691299 0.9223166704177856 3
1637508694450 0.9269499778747559 4
1637508697604 0.9321666955947876 5
1637508700748 0.9348166584968567 6
1637508703905 0.9365666508674622 7
1637508707053 0.9369000196456909 8
1637508710221 0.9390333294868469 9
1637508713399 0.9418333172798157 10
1637508716524 0.9431999921798706 11
1637508719673 0.9435666799545288 12
1637508722778 0.9440333247184753 13
1637508725880 0.9451000094413757 14
1637508728995 0.945900022983551 15
1637508732129 0.9463000297546387 16
1637508735270 0.9477999806404114 17
1637508738450 0.9470000267028809 18
1637508741609 0.9486333131790161 19
