1637508681767 0.5818074941635132 0
1637508684980 0.3381022810935974 1
1637508688132 0.2881911098957062 2
1637508691299 0.26216304302215576 3
1637508694450 0.24499505758285522 4
1637508697604 0.22767667472362518 5
1637508700748 0.2214762568473816 6
1637508703905 0.2128848135471344 7
1637508707053 0.20845229923725128 8
1637508710221 0.20194858312606812 9
1637508713399 0.19385887682437897 10
1637508716524 0.18873749673366547 11
1637508719673 0.1864655315876007 12
1637508722778 0.1855098009109497 13
1637508725880 0.1805233508348465 14
1637508728995 0.18013377487659454 15
1637508732129 0.17628519237041473 16
1637508735270 0.17102017998695374 17
1637508738450 0.17298805713653564 18
1637508741609 0.16783225536346436 19
