1637508047315 0.7858833074569702 0
1637508049924 0.8713666796684265 1
1637508052526 0.8843333125114441 2
1637508055130 0.8915666937828064 3
1637508057732 0.8964166641235352 4
1637508060336 0.8989666700363159 5
1637508062938 0.9024333357810974 6
1637508065547 0.9060500264167786 7
1637508068150 0.9063000082969666 8
1637508070752 0.9093166589736938 9
1637508073370 0.9093666672706604 10
1637508075977 0.9125499725341797 11
1637508078558 0.9119333624839783 12
1637508081153 0.9147499799728394 13
1637508083749 0.9153000116348267 14
1637508086362 0.9164333343505859 15
1637508088966 0.9175333380699158 16
1637508091579 0.920283317565918 17
1637508094193 0.922166645526886 18
1637508096800 0.9207666516304016 19
