1637508047315 0.6870922446250916 0
1637508049924 0.4189208149909973 1
1637508052526 0.3757398724555969 2
1637508055130 0.3480750024318695 3
1637508057732 0.3342289626598358 4
1637508060336 0.32265594601631165 5
1637508062938 0.3145766258239746 6
1637508065547 0.30215954780578613 7
1637508068150 0.29912179708480835 8
1637508070752 0.29151779413223267 9
1637508073370 0.2888161242008209 10
1637508075977 0.28199151158332825 11
1637508078558 0.2816068232059479 12
1637508081153 0.27252495288848877 13
1637508083749 0.272231787443161 14
1637508086362 0.26595839858055115 15
1637508088966 0.2616787850856781 16
1637508091579 0.25718075037002563 17
1637508094193 0.2513481676578522 18
1637508096800 0.25280439853668213 19
