1637510201132 0.7655666470527649 0
1637510204242 0.8539999723434448 1
1637510207035 0.8677666783332825 2
1637510209919 0.8745666742324829 3
1637510212971 0.8806166648864746 4
1637510216430 0.8842499852180481 5
1637510221200 0.8877833485603333 6
1637510225489 0.88878333568573 7
1637510229622 0.8919833302497864 8
1637510233698 0.8936333060264587 9
1637510237700 0.8952166438102722 10
1637510241596 0.8972499966621399 11
1637510245600 0.8971333503723145 12
1637510249749 0.8988166451454163 13
1637510253876 0.8989499807357788 14
1637510258397 0.9013833403587341 15
1637510262529 0.9014999866485596 16
1637510266625 0.9010000228881836 17
1637510270824 0.90256667137146 18
1637510275510 0.8999000191688538 19
