1637510201132 0.7936117053031921 0
1637510204242 0.5026166439056396 1
1637510207035 0.46301141381263733 2
1637510209919 0.4382166564464569 3
1637510212971 0.4203561246395111 4
1637510216430 0.40876126289367676 5
1637510221200 0.3979586064815521 6
1637510225489 0.39300569891929626 7
1637510229622 0.38369694352149963 8
1637510233698 0.3756203055381775 9
1637510237700 0.3694154620170593 10
1637510241596 0.3644704818725586 11
1637510245600 0.36385828256607056 12
1637510249749 0.36096784472465515 13
1637510253876 0.3565114140510559 14
1637510258397 0.3539423942565918 15
1637510262529 0.3505071997642517 16
1637510266625 0.3494780957698822 17
1637510270824 0.348003089427948 18
1637510275510 0.35062554478645325 19
