1637510576433 0.7903000116348267 0
1637510579597 0.8943333625793457 1
1637510583119 0.909583330154419 2
1637510587274 0.9176833629608154 3
1637510590634 0.922950029373169 4
1637510593934 0.9261833429336548 5
1637510597224 0.9287499785423279 6
1637510600483 0.9328500032424927 7
1637510603766 0.9345166683197021 8
1637510607137 0.937333345413208 9
1637510610399 0.9383833408355713 10
1637510613682 0.9385666847229004 11
1637510617014 0.941016674041748 12
1637510620378 0.9422500133514404 13
1637510623894 0.9404833316802979 14
1637510627413 0.9416833519935608 15
1637510630865 0.9442499876022339 16
1637510634150 0.9436166882514954 17
1637510637565 0.9434499740600586 18
1637510640975 0.9462000131607056 19
