1637510576433 0.6693890690803528 0
1637510579597 0.3742731809616089 1
1637510583119 0.31851431727409363 2
1637510587274 0.291392982006073 3
1637510590634 0.2745295464992523 4
1637510593934 0.25975388288497925 5
1637510597224 0.24734340608119965 6
1637510600483 0.23808005452156067 7
1637510603766 0.23361538350582123 8
1637510607137 0.22432081401348114 9
1637510610399 0.22000549733638763 10
1637510613682 0.21465365588665009 11
1637510617014 0.20924200117588043 12
1637510620378 0.20642752945423126 13
1637510623894 0.20703266561031342 14
1637510627413 0.20519672334194183 15
1637510630865 0.1967395395040512 16
1637510634150 0.20047596096992493 17
1637510637565 0.1978723406791687 18
1637510640975 0.19051384925842285 19
