1637508956438 0.8673499822616577 0
1637508959644 0.9129833579063416 1
1637508962775 0.9237666726112366 2
1637508965917 0.9311000108718872 3
1637508969094 0.9340999722480774 4
1637508972284 0.9368000030517578 5
1637508975448 0.9395666718482971 6
1637508978608 0.9406166672706604 7
1637508981738 0.9413999915122986 8
1637508984908 0.9450666904449463 9
1637508988094 0.9437999725341797 10
1637508991310 0.9456999897956848 11
1637508994518 0.9473999738693237 12
1637508997881 0.9471166729927063 13
1637509001398 0.9484000205993652 14
1637509004854 0.9497833251953125 15
1637509008313 0.9485166668891907 16
1637509011769 0.9507499933242798 17
1637509014959 0.9510666728019714 18
1637509018148 0.95128333568573 19
