1637508956438 0.45974698662757874 0
1637508959644 0.29125839471817017 1
1637508962775 0.25619977712631226 2
1637508965917 0.23343952000141144 3
1637508969094 0.2204294204711914 4
1637508972284 0.20908647775650024 5
1637508975448 0.2032437026500702 6
1637508978608 0.19500482082366943 7
1637508981738 0.19184760749340057 8
1637508984908 0.18443667888641357 9
1637508988094 0.18132570385932922 10
1637508991310 0.17657218873500824 11
1637508994518 0.17289666831493378 12
1637508997881 0.17305611073970795 13
1637509001398 0.17246055603027344 14
1637509004854 0.1638520359992981 15
1637509008313 0.1660345494747162 16
1637509011769 0.16177958250045776 17
1637509014959 0.15849798917770386 18
1637509018148 0.1603281944990158 19
