1637510718909 0.8825333118438721 0
1637510722261 0.9269000291824341 1
1637510725617 0.9367166757583618 2
1637510728998 0.9430666565895081 3
1637510732378 0.9462000131607056 4
1637510735785 0.9485666751861572 5
1637510739197 0.9519000053405762 6
1637510742773 0.9540500044822693 7
1637510745938 0.9545999765396118 8
1637510749058 0.9568333625793457 9
1637510752172 0.9579499959945679 10
1637510755306 0.958383321762085 11
1637510758394 0.9606999754905701 12
1637510761518 0.9607333540916443 13
1637510764623 0.9610333442687988 14
1637510767724 0.9624833464622498 15
1637510770834 0.9624666571617126 16
1637510773934 0.9625666737556458 17
1637510777023 0.9634666442871094 18
1637510780112 0.9649999737739563 19
