1637510718909 0.4169313609600067 0
1637510722261 0.2476116120815277 1
1637510725617 0.21148452162742615 2
1637510728998 0.1909140795469284 3
1637510732378 0.17839013040065765 4
1637510735785 0.169670969247818 5
1637510739197 0.16140387952327728 6
1637510742773 0.154556006193161 7
1637510745938 0.15012496709823608 8
1637510749058 0.1434118002653122 9
1637510752172 0.13788466155529022 10
1637510755306 0.13578802347183228 11
1637510758394 0.13197928667068481 12
1637510761518 0.13017317652702332 13
1637510764623 0.1290820688009262 14
1637510767724 0.1250658631324768 15
1637510770834 0.12262327969074249 16
1637510773934 0.1213284507393837 17
1637510777023 0.11921858042478561 18
1637510780112 0.11708381026983261 19
