1637508161701 0.703249990940094 0
1637508164292 0.8171833157539368 1
1637508166883 0.8337000012397766 2
1637508169476 0.840233325958252 3
1637508172077 0.8441333174705505 4
1637508174651 0.8505333065986633 5
1637508177252 0.8526333570480347 6
1637508179847 0.8587666749954224 7
1637508182452 0.8580833077430725 8
1637508185050 0.8565000295639038 9
1637508187642 0.8601166605949402 10
1637508190241 0.864383339881897 11
1637508192837 0.8642833232879639 12
1637508195433 0.8671500086784363 13
1637508198033 0.864799976348877 14
1637508200623 0.8675833344459534 15
1637508203215 0.8671833276748657 16
1637508205807 0.8680833578109741 17
1637508208410 0.8692333102226257 18
1637508211008 0.8708833456039429 19
