1637508161701 0.8873529434204102 0
1637508164292 0.5844646096229553 1
1637508166883 0.5340369343757629 2
1637508169476 0.5112521052360535 3
1637508172077 0.4929823577404022 4
1637508174651 0.47600555419921875 5
1637508177252 0.46806347370147705 6
1637508179847 0.4585219621658325 7
1637508182452 0.4516022801399231 8
1637508185050 0.4510768949985504 9
1637508187642 0.44061392545700073 10
1637508190241 0.4351135194301605 11
1637508192837 0.43151286244392395 12
1637508195433 0.43162626028060913 13
1637508198033 0.4327928125858307 14
1637508200623 0.42599499225616455 15
1637508203215 0.42355385422706604 16
1637508205807 0.4197614789009094 17
1637508208410 0.41980913281440735 18
1637508211008 0.41138502955436707 19
