1637509859148 0.6351000070571899 0
1637509863499 0.778249979019165 1
1637509868002 0.7972999811172485 2
1637509872405 0.8101999759674072 3
1637509876849 0.8179500102996826 4
1637509881264 0.8228833079338074 5
1637509885649 0.8261833190917969 6
1637509889854 0.8297666907310486 7
1637509892815 0.8281999826431274 8
1637509895962 0.835016667842865 9
1637509898804 0.8348666429519653 10
1637509902019 0.8364666700363159 11
1637509905361 0.8373666405677795 12
1637509908706 0.8378833532333374 13
1637509911988 0.8409166932106018 14
1637509915232 0.8422666788101196 15
1637509918542 0.8432833552360535 16
1637509921471 0.8431166410446167 17
1637509924288 0.8469833135604858 18
1637509927071 0.8464499711990356 19
