1637509859148 1.0940909385681152 0
1637509863499 0.7099637985229492 1
1637509868002 0.641101598739624 2
1637509872405 0.6051740050315857 3
1637509876849 0.5833746194839478 4
1637509881264 0.565941333770752 5
1637509885649 0.5612979531288147 6
1637509889854 0.5459715723991394 7
1637509892815 0.5466529726982117 8
1637509895962 0.53044593334198 9
1637509898804 0.5268106460571289 10
1637509902019 0.524786114692688 11
1637509905361 0.5177710056304932 12
1637509908706 0.520374059677124 13
1637509911988 0.5139322876930237 14
1637509915232 0.5090344548225403 15
1637509918542 0.5023124814033508 16
1637509921471 0.5004904866218567 17
1637509924288 0.4936228394508362 18
1637509927071 0.49234458804130554 19
