1637510025765 0.8331999778747559 0
1637510029576 0.8958500027656555 1
1637510033571 0.9062333106994629 2
1637510037484 0.913100004196167 3
1637510041404 0.918066680431366 4
1637510045340 0.9211666584014893 5
1637510049363 0.9238333106040955 6
1637510053889 0.921916663646698 7
1637510057946 0.9251833558082581 8
1637510060906 0.9266666769981384 9
1637510064039 0.9282500147819519 10
1637510066938 0.9290666580200195 11
1637510069929 0.9300333261489868 12
1637510073034 0.930400013923645 13
1637510076069 0.9317166805267334 14
1637510079437 0.9330833554267883 15
1637510082578 0.933650016784668 16
1637510085886 0.9339500069618225 17
1637510089847 0.9345333576202393 18
1637510094041 0.935283362865448 19
