1637510025765 0.6148054599761963 0
1637510029576 0.3658772110939026 1
1637510033571 0.3269370198249817 2
1637510037484 0.3022775650024414 3
1637510041404 0.28933820128440857 4
1637510045340 0.27818647027015686 5
1637510049363 0.26700282096862793 6
1637510053889 0.2678390443325043 7
1637510057946 0.25896596908569336 8
1637510060906 0.25533005595207214 9
1637510064039 0.24831372499465942 10
1637510066938 0.24584421515464783 11
1637510069929 0.240348219871521 12
1637510073034 0.23932622373104095 13
1637510076069 0.23679806292057037 14
1637510079437 0.2318543791770935 15
1637510082578 0.2295610010623932 16
1637510085886 0.22879521548748016 17
1637510089847 0.22620493173599243 18
1637510094041 0.22097140550613403 19
