1637509541148 0.8895166516304016 0
1637509545050 0.9324833154678345 1
1637509548998 0.9422333240509033 2
1637509552939 0.9487500190734863 3
1637509556845 0.9532666802406311 4
1637509560795 0.9566666483879089 5
1637509564746 0.9587000012397766 6
1637509568655 0.9613999724388123 7
1637509572571 0.9631500244140625 8
1637509576508 0.965583324432373 9
1637509580545 0.9667166471481323 10
1637509584443 0.96670001745224 11
1637509588377 0.9683499932289124 12
1637509592300 0.9688666462898254 13
1637509596370 0.9702833294868469 14
1637509600440 0.970883309841156 15
1637509604508 0.9711999893188477 16
1637509608634 0.9714833498001099 17
1637509612634 0.9731666445732117 18
1637509616598 0.973716676235199 19
