1637509541148 0.3760838210582733 0
1637509545050 0.2294977754354477 1
1637509548998 0.19201001524925232 2
1637509552939 0.16730129718780518 3
1637509556845 0.1522326022386551 4
1637509560795 0.1421741247177124 5
1637509564746 0.1326526403427124 6
1637509568655 0.12561483681201935 7
1637509572571 0.1194918304681778 8
1637509576508 0.11271163821220398 9
1637509580545 0.10695280134677887 10
1637509584443 0.10664507746696472 11
1637509588377 0.1013726070523262 12
1637509592300 0.09905461221933365 13
1637509596370 0.09319069981575012 14
1637509600440 0.09164200723171234 15
1637509604508 0.09015729278326035 16
1637509608634 0.08872081339359283 17
1637509612634 0.08355158567428589 18
1637509616598 0.08508000522851944 19
