1637508416140 0.8103166818618774 0
1637508418960 0.876883327960968 1
1637508421756 0.8854666948318481 2
1637508424578 0.8929833173751831 3
1637508427368 0.897599995136261 4
1637508430170 0.8998833298683167 5
1637508433025 0.9011333584785461 6
1637508435831 0.9029499888420105 7
1637508438635 0.904449999332428 8
1637508441427 0.9051499962806702 9
1637508444219 0.9068666696548462 10
1637508447020 0.9063166379928589 11
1637508449794 0.9070833325386047 12
1637508452666 0.9075333476066589 13
1637508455533 0.9086666703224182 14
1637508458332 0.9093666672706604 15
1637508461150 0.9096666574478149 16
1637508464016 0.9105166792869568 17
1637508466826 0.9113166928291321 18
1637508469712 0.911549985408783 19
