1637508416140 0.6813613772392273 0
1637508418960 0.42775842547416687 1
1637508421756 0.39088404178619385 2
1637508424578 0.36816856265068054 3
1637508427368 0.3561439514160156 4
1637508430170 0.34642118215560913 5
1637508433025 0.34192001819610596 6
1637508435831 0.3367604911327362 7
1637508438635 0.33022671937942505 8
1637508441427 0.32850566506385803 9
1637508444219 0.3236254155635834 10
1637508447020 0.3248932659626007 11
1637508449794 0.32130151987075806 12
1637508452666 0.3175649344921112 13
1637508455533 0.3140961825847626 14
1637508458332 0.3124798536300659 15
1637508461150 0.31192633509635925 16
1637508464016 0.3070821166038513 17
1637508466826 0.3034851849079132 18
1637508469712 0.30547764897346497 19
