1637509368985 0.9062666893005371 0
1637509373155 0.9458500146865845 1
1637509377459 0.9581999778747559 2
1637509381660 0.9628499746322632 3
1637509385907 0.9663333296775818 4
1637509390139 0.9697666764259338 5
1637509394288 0.9726166725158691 6
1637509398595 0.9743833541870117 7
1637509403168 0.9756333231925964 8
1637509407365 0.9764999747276306 9
1637509411683 0.9780333042144775 10
1637509415791 0.978766679763794 11
1637509420061 0.9805166721343994 12
1637509424277 0.9815333485603333 13
1637509428562 0.9818500280380249 14
1637509432749 0.9817333221435547 15
1637509437011 0.982616662979126 16
1637509441261 0.9834333062171936 17
1637509445561 0.9843666553497314 18
1637509449795 0.98416668176651 19
