1637509368985 0.32202768325805664 0
1637509373155 0.1798558086156845 1
1637509377459 0.1401941180229187 2
1637509381660 0.11988617479801178 3
1637509385907 0.10831331461668015 4
1637509390139 0.09623003751039505 5
1637509394288 0.08587780594825745 6
1637509398595 0.08160711824893951 7
1637509403168 0.07544132322072983 8
1637509407365 0.07177510112524033 9
1637509411683 0.06808052211999893 10
1637509415791 0.06338239461183548 11
1637509420061 0.05975066497921944 12
1637509424277 0.05575057864189148 13
1637509428562 0.05490214377641678 14
1637509432749 0.05479495972394943 15
1637509437011 0.05148573964834213 16
1637509441261 0.04903094843029976 17
1637509445561 0.04637182876467705 18
1637509449795 0.047025423496961594 19
