1637509692269 0.7480499744415283 0
1637509695267 0.8570833206176758 1
1637509698152 0.8776500225067139 2
1637509701121 0.8840500116348267 3
1637509704166 0.8907666802406311 4
1637509707101 0.8978833556175232 5
1637509709910 0.9031500220298767 6
1637509712730 0.9052500128746033 7
1637509716018 0.908133327960968 8
1637509719860 0.9080333113670349 9
1637509723831 0.9098333120346069 10
1637509727869 0.9103333353996277 11
1637509732016 0.9121333360671997 12
1637509736536 0.9136666655540466 13
1637509740601 0.9156333208084106 14
1637509744465 0.9152166843414307 15
1637509748311 0.9169833064079285 16
1637509752391 0.9158666729927063 17
1637509756254 0.9164333343505859 18
1637509760116 0.9179166555404663 19
