1637509692269 0.7816050052642822 0
1637509695267 0.46833235025405884 1
1637509698152 0.4084954559803009 2
1637509701121 0.3840668201446533 3
1637509704166 0.36197715997695923 4
1637509707101 0.34117603302001953 5
1637509709910 0.32846954464912415 6
1637509712730 0.31813421845436096 7
1637509716018 0.31220561265945435 8
1637509719860 0.31107014417648315 9
1637509723831 0.30479463934898376 10
1637509727869 0.30123668909072876 11
1637509732016 0.2959137260913849 12
1637509736536 0.292258620262146 13
1637509740601 0.2891852855682373 14
1637509744465 0.28483957052230835 15
1637509748311 0.2814980447292328 16
1637509752391 0.2844683527946472 17
1637509756254 0.28117093443870544 18
1637509760116 0.2791755795478821 19
