1637508817560 0.8891666531562805 0
1637508820669 0.9332166910171509 1
1637508823761 0.942383348941803 2
1637508826859 0.948283314704895 3
1637508829979 0.9504833221435547 4
1637508833104 0.9535166621208191 5
1637508836235 0.9559999704360962 6
1637508839354 0.9579499959945679 7
1637508842468 0.959933340549469 8
1637508845521 0.959683358669281 9
1637508848785 0.9614999890327454 10
1637508851861 0.9625666737556458 11
1637508855448 0.9635499715805054 12
1637508859199 0.9639833569526672 13
1637508862568 0.9647666811943054 14
1637508866003 0.9656000137329102 15
1637508869104 0.9664000272750854 16
1637508872205 0.9671000242233276 17
1637508875321 0.9672166705131531 18
1637508878747 0.9681000113487244 19
