1637508817560 0.39898160099983215 0
1637508820669 0.22877387702465057 1
1637508823761 0.1928589642047882 2
1637508826859 0.17477643489837646 3
1637508829979 0.16415634751319885 4
1637508833104 0.15282316505908966 5
1637508836235 0.14253616333007812 6
1637508839354 0.13758644461631775 7
1637508842468 0.13071508705615997 8
1637508845521 0.12848182022571564 9
1637508848785 0.12492244690656662 10
1637508851861 0.12123356759548187 11
1637508855448 0.1168542429804802 12
1637508859199 0.11370103061199188 13
1637508862568 0.109656922519207 14
1637508866003 0.11063278466463089 15
1637508869104 0.10682157427072525 16
1637508872205 0.1054309830069542 17
1637508875321 0.10353343188762665 18
1637508878747 0.09992364794015884 19
